[[ 2.36740271 -6.75740803 -7.39554526]
 [-8.25620496  8.21127138  2.91663256]
 [-1.69275254  7.49041013  4.21183277]
 [-7.95656672  6.31443757  0.43900602]
 [-3.09007576  8.48911632  4.06849867]
 [-3.43328046  6.40173712  5.59024852]
 [-3.25160446  8.31094233  2.50025818]
 [ 1.33760994 -7.90117939 -7.04186498]
 [-6.06001472  8.51716264  2.24093855]
 [-8.06462734  6.78538125  0.67562214]
 [ 1.43952088 -6.88515505 -7.10956005]
 [-9.71891902  6.19297061  2.15672912]
 [ 1.37291583 -5.93218737 -6.58907559]
 [ 2.3625186  -8.14474631 -5.78811733]
 [-3.13867258  9.6120066   7.19936687]]